2.33333 3.44444 4.66667 5 5.33333 5.66667 5.77778 5.88889 6 6.22222 
2.88889 4.22222 5.11111 4.66667 5.11111 5.44444 5.33333 5.22222 5 5 
2.88889 4.88889 5.55556 4.55556 3.66667 4.22222 4.55556 4.88889 4.11111 3.66667 
4.11111 4.66667 4.55556 4 4.22222 4.66667 4.77778 4.77778 4.77778 4.77778 
3.33333 3.88889 4.11111 4.22222 4.33333 4.66667 5.22222 5.33333 5.22222 5 
3.44444 3.33333 4.11111 5.33333 6.55556 6 5.33333 4.44444 4.66667 4.77778 
3.11111 3.33333 3.44444 4.77778 4.88889 4.66667 4.66667 5.11111 5 4.33333 
5 4.22222 3.22222 4.66667 5.11111 5.11111 4.44444 3.77778 4.33333 4.44444 
5.33333 4.44444 2.55556 2.77778 3.11111 4.22222 4.11111 3.88889 4.11111 4.44444 
3.88889 3.55556 2.33333 2 2.66667 4.66667 4.44444 3.66667 3.44444 4.66667 
